Watson:44.517779705117086
Arnold:44.74845784784099
Bailey:45.65159045725646
Sutherland:43.27341137123746
Lambert:45.39368165249088
Kerr:44.07608695652174
